cam0:
  T_cam_imu:
  - [0.012858067322034039, 0.9999102686262149, -0.0037582975656914553, -0.013410258642810948]
  - [-0.9999169997865642, 0.012861034406219052, 0.0007663757808519512, 0.022027794132179236]
  - [0.0008146426072014672, 0.003748131514807178, 0.9999926439067288, -0.2116875787833756]
  - [0.0, 0.0, 0.0, 1.0]
  cam_overlaps: []
  camera_model: pinhole
  distortion_coeffs: [-0.11592226392258145, 0.1332261251415265, -0.00043977637330175616,
    0.0002380609784102606]
  distortion_model: radtan
  intrinsics: [750.62614972, 750.26301185, 402.41007535, 292.98832147]
  resolution: [800, 600]
  rostopic: /cam_vo/image_raw
  timeshift_cam_imu: -0.017158829362663046
